file: focus.trace
pagesize: 256
algo: lru
545918
425444
380697
376786
323695
312444
278760
219591
200225
176935
105393
61960
40408
33829
33286
33003
32699
32451
algo: fifo
607141
535787
450001
419904
382328
343450
323483
308238
305010
302527
199476
177704
63742
37123
34823
34383
34106
33843
algo: rand
644535
553311
488405
435909
388377
344748
301506
258773
217301
175475
134995
95627
61062
38760
36186
35699
35022
34838
pagesize: 1024
algo: lru
495762
377678
323103
281598
220460
189253
158544
117615
67179
26395
6337
5713
5490
5305
5172
5042
4973
4839
algo: fifo
561662
452436
406011
383822
295853
256148
252929
249892
139485
137639
8399
7155
6881
6412
6209
6094
5914
5828
algo: rand
594392
497855
424642
363001
307324
254382
203543
153084
104609
56313
9130
7707
7450
7120
6900
6614
6347
6105
file: sort.trace
pagesize: 256
algo: lru
202786
180556
159396
135189
119186
101246
74248
52241
37491
33898
31285
25667
18376
15941
15455
15118
14814
14530
algo: fifo
229338
196252
163483
150502
144764
141807
111488
62482
49690
47959
46563
43245
25606
18455
17083
16607
16305
16033
algo: rand
254693
210725
178650
152450
127499
103318
79474
59879
48550
41767
35476
29272
24014
20026
18469
17993
17333
17028
pagesize: 1024
algo: lru
153819
127624
92908
71644
45871
28182
18580
14241
10767
8459
6135
5768
5539
5355
5221
5091
5014
4882
algo: fifo
170581
134191
115708
109386
76282
40798
31084
21945
21470
14252
7510
7236
6948
6474
6265
6148
5964
5877
algo: rand
195874
150544
115714
86207
57429
39310
27091
18826
15219
11831
8285
7804
7520
7215
6963
6670
6419
6159
file: scan.trace
pagesize: 256
algo: lru
39367
30575
25006
21196
18257
17022
16436
15707
15401
14882
14392
13875
13475
13214
13038
12826
12550
12325
algo: fifo
50428
37859
29132
24087
20311
19308
18169
17633
17104
16568
15958
15465
15064
14710
14317
14063
13892
13705
algo: rand
51724
38901
31117
26596
23453
21742
20392
19366
18671
17950
17264
16706
16308
15931
15478
15360
14876
14640
pagesize: 1024
algo: lru
23273
15839
11472
10273
9431
8436
7725
7089
6657
6372
6064
5699
5476
5294
5162
5033
4958
4827
algo: fifo
29053
20096
13972
12286
10894
9932
9213
8672
8266
7621
7388
7134
6863
6399
6201
6083
5901
5819
algo: rand
32369
22136
16151
13987
12468
11316
10377
9645
9044
8710
8166
7696
7407
7090
6871
6595
6330
6068
